5010	-604.5364570617676
5020	-603.5532875061035
5030	-603.8620643615723
5040	-603.1994323730469
5050	-602.4783782958984
5060	-601.2445869445801
5070	-599.1749305725098
5080	-598.1483955383301
5090	-596.8898239135742
5100	-595.8462448120117
5110	-594.5308227539062
5120	-593.5037040710449
5130	-598.8168716430664
5140	-597.5122871398926
5150	-596.4638328552246
5160	-596.5446929931641
5170	-597.2096138000488
5180	-595.2021446228027
5190	-594.8981895446777
5200	-593.2450523376465
5210	-591.6753330230713
5220	-590.4027976989746
5230	-589.4998245239258
5240	-587.8572959899902
5250	-586.3248100280762
5260	-585.7386856079102
5270	-584.6567344665527
5280	-583.4052352905273
5290	-582.0207557678223
5300	-580.627326965332
5310	-579.6302909851074
5320	-578.5122909545898
5330	-577.1692848205566
5340	-575.6265029907227
5350	-574.3929710388184
5360	-573.1833534240723
5370	-571.7965431213379
5380	-570.6713447570801
5390	-569.3015403747559
5400	-567.7712917327881
5410	-566.6862030029297
5420	-565.3637351989746
5430	-564.2034072875977
5440	-562.8650550842285
5450	-561.6362686157227
5460	-560.5702018737793
5470	-559.1128425598145
5480	-558.0090522766113
5490	-556.8859329223633
5500	-555.5257797241211
5510	-554.2905960083008
5520	-552.9210052490234
5530	-551.783031463623
5540	-550.764404296875
5550	-549.5305404663086
5560	-547.89453125
5570	-546.8290672302246
5580	-545.380012512207
5590	-544.0373420715332
5600	-542.8038177490234
5610	-540.9717216491699
5620	-539.7276840209961
5630	-538.3965682983398
5640	-537.1148262023926
5650	-535.8416748046875
5660	-534.3317108154297
5670	-532.9289932250977
5680	-531.4428634643555
5690	-530.048469543457
5700	-528.3537673950195
5710	-527.3096122741699
5720	-525.8905906677246
5730	-524.6782531738281
5740	-523.0561637878418
5750	-521.5341758728027
5760	-519.8790321350098
5770	-518.9508628845215
5780	-517.5863456726074
5790	-516.174617767334
5800	-514.5523414611816
5810	-513.3290328979492
5820	-511.9001274108887
5830	-510.3462104797363
5840	-509.01004791259766
5850	-507.3410758972168
5860	-506.3470230102539
5870	-505.002986907959
5880	-503.4015655517578
5890	-501.76516342163086
5900	-500.44580841064453
5910	-499.11177825927734
5920	-497.3419418334961
5930	-496.1863899230957
5940	-494.90380096435547
5950	-493.1814079284668
5960	-491.83895111083984
5970	-490.41147232055664
5980	-488.9573516845703
5990	-487.6769485473633
6000	-485.99736404418945
6010	-484.3710174560547
6020	-483.00330352783203
6030	-481.5630645751953
6040	-479.93505859375
6050	-478.9515914916992
6060	-477.3570098876953
6070	-475.4718894958496
6080	-473.58002853393555
6090	-472.0905990600586
6100	-471.1389350891113
6110	-469.52832412719727
6120	-468.22314453125
6130	-466.01457595825195
6140	-464.7339897155762
6150	-463.0657501220703
6160	-462.1219902038574
6170	-460.87378692626953
6180	-459.1246871948242
6190	-458.0345802307129
6200	-456.5350685119629
6210	-455.04774475097656
6220	-453.5320701599121
6230	-451.8638725280762
6240	-450.80136489868164
6250	-449.4220733642578
6260	-447.98661041259766
6270	-446.1169242858887
6280	-444.4686813354492
6290	-443.19660568237305
6300	-441.56894302368164
6310	-439.96369552612305
6320	-438.58869552612305
6330	-436.96375274658203
6340	-435.5498847961426
6350	-433.74217224121094
6360	-433.0350227355957
6370	-429.2737007141113
6380	-424.0405807495117
6390	-422.0174140930176
6400	-420.61597442626953
6410	-421.29436111450195
6420	-420.10301208496094
6430	-418.53825759887695
6440	-416.534912109375
6450	-415.21825790405273
6460	-413.20536041259766
6470	-411.63629150390625
6480	-410.11205291748047
6490	-408.38364028930664
6500	-406.75743865966797
6510	-405.35122299194336
6520	-403.88780212402344
6530	-402.16954803466797
6540	-400.70177459716797
6550	-398.7508735656738
6560	-397.25961685180664
6570	-397.0172348022461
6580	-392.65613174438477
6590	-390.91433334350586
6600	-388.92469024658203
6610	-387.16624450683594
6620	-385.4225616455078
6630	-384.07175064086914
6640	-382.61937713623047
6650	-380.4366226196289
6660	-379.00264739990234
6670	-377.2792625427246
6680	-375.81927490234375
6690	-374.36531829833984
6700	-372.3592987060547
6710	-370.6566848754883
6720	-369.1834411621094
6730	-367.32135009765625
6740	-365.8913383483887
6750	-363.83932876586914
6760	-362.7571830749512
6770	-361.2033920288086
6780	-358.8416328430176
6790	-357.44150161743164
6800	-355.93146896362305
6810	-354.22636795043945
6820	-352.5442123413086
6830	-350.9203796386719
6840	-348.9332847595215
6850	-347.36721420288086
6860	-345.5870666503906
6870	-344.0414161682129
6880	-342.1336860656738
6890	-340.6616744995117
6900	-338.9838447570801
6910	-337.1212043762207
6920	-335.5651397705078
6930	-332.6453971862793
6940	-331.09232330322266
6950	-329.9455986022949
6960	-328.3474235534668
6970	-326.770206451416
6980	-324.7195281982422
6990	-323.1397399902344
7000	-321.87567138671875
7010	-319.9871368408203
7020	-317.7556838989258
7030	-316.69647216796875
7040	-315.13089752197266
7050	-313.2737808227539
7060	-311.6548080444336
7070	-309.79651641845703
7080	-308.0665740966797
7090	-306.3595428466797
7100	-304.7855682373047
7110	-302.70093536376953
7120	-301.47338104248047
7130	-299.22418212890625
7140	-297.5109176635742
7150	-296.154052734375
7160	-298.51731872558594
7170	-297.03394317626953
7180	-295.62501525878906
7190	-293.68250274658203
7200	-292.2420959472656
7210	-290.28604888916016
7220	-288.9283981323242
7230	-287.2098846435547
7240	-285.52120208740234
7250	-283.7105712890625
7260	-282.03092193603516
7270	-280.16487884521484
7280	-278.5088424682617
7290	-276.38484954833984
7300	-274.7906951904297
7310	-273.2452087402344
7320	-271.0946350097656
7330	-269.09351348876953
7340	-267.79518127441406
7350	-266.01546478271484
7360	-264.2903289794922
7370	-262.3131103515625
7380	-260.8063430786133
7390	-259.4038619995117
7400	-257.5959014892578
7410	-255.7789535522461
7420	-253.83350372314453
7430	-252.12975311279297
7440	-250.33898162841797
7450	-248.54132843017578
7460	-246.84195709228516
7470	-245.25162506103516
7480	-243.35855865478516
7490	-242.1612548828125
7500	-240.14688110351562
7510	-238.46310424804688
7520	-236.36895751953125
7530	-234.77471160888672
7540	-233.13705444335938
7550	-231.1907730102539
7560	-229.2152099609375
7570	-227.29647064208984
7580	-225.75608825683594
7590	-224.48231506347656
7600	-223.10926055908203
7610	-220.86199188232422
7620	-219.0049057006836
7630	-217.87775421142578
7640	-216.0455322265625
7650	-213.81758880615234
7660	-211.87308502197266
7670	-210.76447296142578
7680	-208.38134765625
7690	-207.36769104003906
7700	-205.32589721679688
7710	-203.83200073242188
7720	-201.73367309570312
7730	-200.10739135742188
7740	-198.11846923828125
7750	-196.55194854736328
7760	-195.33541870117188
7770	-192.68671417236328
7780	-190.80500030517578
7790	-189.14171600341797
7800	-187.51768493652344
7810	-185.5454864501953
7820	-183.99705505371094
7830	-182.5278549194336
7840	-180.77933502197266
7850	-179.30199432373047
7860	-176.68350219726562
7870	-175.48514556884766
7880	-173.70195770263672
7890	-171.87183380126953
7900	-170.20047760009766
7910	-167.69915771484375
7920	-167.08562469482422
7930	-165.30146026611328
7940	-163.3653564453125
7950	-162.18605041503906
7960	-159.99488830566406
7970	-158.3204116821289
7980	-156.43529510498047
7990	-155.0058364868164
8000	-152.91940307617188
8010	-150.93897247314453
8020	-149.73153686523438
8030	-147.1304702758789
8040	-145.8246841430664
8050	-143.98414611816406
8060	-142.43484497070312
8070	-140.5213394165039
8080	-138.568359375
8090	-136.7962875366211
8100	-135.60958099365234
8110	-134.3437728881836
8120	-131.49581146240234
8130	-130.08545684814453
8140	-128.77537536621094
8150	-127.03103637695312
8160	-125.36188507080078
8170	-122.89253997802734
8180	-121.47773742675781
8190	-118.96906280517578
8200	-118.80632781982422
8210	-116.76605987548828
8220	-114.92984771728516
8230	-112.55162811279297
8240	-111.45777893066406
8250	-109.2337875366211
8260	-107.85302734375
8270	-106.13086700439453
8280	-104.3157730102539
8290	-102.97891235351562
8300	-101.37112426757812
8310	-99.34854125976562
8320	-96.9775390625
8330	-96.00696563720703
8340	-94.03486633300781
8350	-92.09201049804688
8360	-90.56334686279297
8370	-88.90982818603516
8380	-86.88786315917969
8390	-85.1907958984375
8400	-83.70972442626953
8410	-82.11091613769531
8420	-79.82498168945312
8430	-78.29268646240234
8440	-76.65386199951172
8450	-75.39942169189453
8460	-73.56912994384766
8470	-71.52928924560547
8480	-70.1850814819336
8490	-68.83059692382812
8500	-66.84795379638672
8510	-65.11544036865234
8520	-61.564186096191406
8530	-60.94862365722656
8540	-58.54310607910156
8550	-56.519432067871094
8560	-54.358642578125
8570	-54.381004333496094
8580	-52.495094299316406
8590	-50.99736785888672
8600	-49.62605285644531
8610	-47.116455078125
8620	-46.14839172363281
8630	-44.981842041015625
8640	-42.98529815673828
8650	-42.07635498046875
8660	-39.98980712890625
8670	-38.50440216064453
8680	-35.987335205078125
8690	-35.32801818847656
8700	-33.74079132080078
8710	-31.37017822265625
8720	-30.641647338867188
8730	-28.828628540039062
8740	-26.826492309570312
8750	-24.194862365722656
8760	-23.297500610351562
8770	-21.58649444580078
8780	-19.852012634277344
8790	-19.250770568847656
8800	-17.398582458496094
8810	-15.33514404296875
8820	-14.290901184082031
8830	-12.864089965820312
8840	-10.57745361328125
8850	-8.7216796875
8860	-7.82080078125
8870	-6.575126647949219
8880	-4.355018615722656
8890	-2.9577178955078125
8900	-1.2762680053710938
8910	-0.23198699951171875
8920	1.3909072875976562
8930	3.4156036376953125
8940	4.9258270263671875
8950	6.939445495605469
8960	8.054450988769531
8970	8.710060119628906
8980	10.914840698242188
8990	13.112403869628906
9000	13.702812194824219
9010	15.641357421875
9020	17.24437713623047
9030	19.15081024169922
9040	20.34577178955078
9050	21.686058044433594
9060	24.64057159423828
9070	24.37682342529297
9080	25.673057556152344
9090	27.546653747558594
9100	30.122833251953125
9110	30.3763427734375
9120	33.171058654785156
9130	33.99956512451172
9140	35.31730651855469
9150	37.21807098388672
9160	38.864112854003906
9170	39.889556884765625
9180	42.392433166503906
9190	43.47809600830078
9200	44.84095001220703
9210	46.389381408691406
9220	48.340553283691406
9230	49.34593963623047
9240	50.941795349121094
9250	52.438697814941406
9260	54.302337646484375
9270	55.875457763671875
9280	56.63739013671875
9290	58.25566101074219
9300	60.80077362060547
9310	61.160911560058594
9320	63.04338073730469
9330	64.4694595336914
9340	66.18621063232422
9350	67.62814331054688
9360	68.23003387451172
9370	70.49032592773438
9380	71.1739501953125
9390	74.20896911621094
9400	74.3140869140625
9410	76.56217193603516
9420	77.031005859375
9430	79.97492218017578
9440	80.72077178955078
9450	80.88259887695312
9460	84.069091796875
9470	84.82040405273438
9480	87.09523010253906
9490	88.52611541748047
9500	90.22335815429688
9510	91.42069244384766
9520	92.3629379272461
9530	94.23745727539062
9540	94.90425109863281
9550	97.51875305175781
9560	98.73818969726562
9570	99.57769775390625
9580	101.94925689697266
9590	103.46389770507812
9600	104.9220962524414
9610	106.72709655761719
9620	107.07159423828125
9630	109.1047592163086
9640	110.22543334960938
9650	111.68778991699219
9660	113.78816223144531
9670	115.50667572021484
9680	116.11396789550781
9690	118.11228942871094
9700	119.48394775390625
9710	121.13400268554688
9720	121.56951904296875
9730	122.89285278320312
9740	129.88392639160156
9750	130.41197204589844
9760	131.947998046875
9770	133.09973907470703
9780	133.6054229736328
9790	134.66075897216797
9800	137.2300567626953
9810	137.5411605834961
9820	139.98763275146484
9830	141.54796600341797
9840	143.5175323486328
9850	144.6617889404297
9860	145.78490447998047
9870	147.51934051513672
9880	148.41426849365234
9890	149.8530731201172
9900	151.12527465820312
9910	152.11231231689453
9920	153.4898681640625
9930	154.84526824951172
9940	156.2963638305664
9950	157.70094299316406
9960	158.87692260742188
9970	161.3233413696289
9980	161.469482421875
9990	163.08578491210938
9999	164.88896942138672
